prepare
500
86 270
192 236
47 129
8 90
158 207
153 376
270 300
305 461
228 251
253 465
98 461
358 366
40 228
280 293
268 364
138 264
376 400
58 245
138 266
308 391
204 389
323 354
168 217
157 327
19 200
382 463
386 467
363 434
144 366
225 237
115 233
255 289
163 169
455 493
336 390
151 353
186 306
175 352
317 376
20 197
92 150
96 465
11 257
55 428
59 331
392 459
88 221
341 456
224 399
407 449
170 421
141 344
62 221
46 147
333 372
36 233
39 247
290 362
229 455
165 273
288 345
74 334
106 482
140 177
302 380
329 384
197 287
96 121
173 260
46 68
27 94
221 281
230 326
289 364
2 67
115 458
105 290
26 227
429 495
189 300
479 499
181 427
338 344
38 215
160 302
14 143
147 263
348 416
274 340
86 377
277 442
174 479
96 404
160 244
42 89
373 409
238 338
86 145
37 122
146 360
390 478
461 481
57 66
156 252
60 350
5 248
449 490
155 311
19 51
15 422
171 296
408 433
200 489
182 283
128 181
125 259
22 124
117 149
60 343
401 432
73 371
146 288
248 310
52 119
361 488
206 493
44 284
210 247
279 330
335 371
19 252
250 498
55 298
149 203
220 465
153 260
74 159
300 491
303 319
299 453
419 470
60 450
46 478
16 460
9 310
13 23
56 111
54 479
296 490
16 143
74 143
476 488
332 478
222 232
271 430
29 414
222 430
413 458
11 37
359 474
246 335
84 145
82 93
227 394
91 224
128 234
162 273
249 446
296 397
63 365
99 495
27 494
101 382
385 452
30 231
214 218
120 447
363 414
69 453
32 486
72 130
70 290
12 331
307 451
399 483
127 251
2 418
115 234
289 473
342 428
160 488
199 313
96 374
91 441
326 410
238 497
131 361
8 335
18 89
332 442
108 134
58 106
69 315
104 399
48 394
7 23
201 285
83 286
368 448
2 135
157 375
95 185
99 229
219 339
114 413
150 201
129 378
142 244
113 143
9 477
220 283
250 376
208 475
50 256
143 420
82 330
3 458
47 483
40 436
376 444
203 340
304 336
1 383
265 454
406 459
338 426
216 235
66 70
136 500
25 147
280 284
190 431
78 95
2 435
279 452
139 234
18 178
328 406
22 209
44 359
82 414
149 311
381 444
344 417
21 388
3 195
198 315
194 307
104 369
112 332
130 372
331 378
139 154
7 432
163 165
193 272
39 415
206 371
1 423
346 454
73 264
175 375
80 95
270 451
140 258
231 316
34 139
344 387
109 254
294 379
137 318
85 389
101 416
145 149
356 433
319 329
148 174
409 490
325 341
109 382
30 449
152 370
10 48
52 299
211 249
337 377
271 335
126 380
325 403
266 321
330 425
407 470
180 432
89 395
294 424
46 67
172 334
234 495
368 414
37 222
76 145
420 484
417 496
22 458
7 137
6 132
113 295
53 335
61 211
196 212
105 283
160 290
262 388
5 397
27 286
265 389
331 405
237 462
275 451
38 114
132 353
75 408
33 394
208 472
444 457
240 432
239 322
43 330
169 467
110 178
118 156
116 296
360 438
345 456
436 493
269 479
265 274
103 130
64 264
118 265
15 194
97 147
309 488
463 466
312 483
40 315
65 318
241 318
73 410
166 433
146 402
24 278
191 257
213 457
214 471
179 249
28 236
169 256
8 204
240 398
81 442
205 314
105 276
153 193
235 469
28 197
163 372
282 370
312 443
27 499
190 369
147 487
4 170
79 193
294 492
276 464
172 263
313 498
175 242
98 434
187 471
39 223
269 485
58 115
316 439
88 393
126 285
108 216
28 231
156 161
111 176
36 468
167 422
125 241
65 164
32 480
242 437
238 263
298 306
104 411
13 226
5 56
311 473
118 308
53 342
21 183
88 312
202 213
336 433
297 347
459 494
141 179
18 148
35 217
450 500
263 339
153 349
207 233
108 445
60 357
227 382
103 183
176 278
225 432
267 327
66 352
188 225
95 168
239 495
115 324
17 256
107 347
193 422
23 181
87 464
217 314
97 470
301 310
41 81
159 440
184 210
75 92
261 491
32 160
29 320
186 396
214 384
29 140
59 359
328 412
401 469
260 351
123 375
282 480
394 427
196 464
123 365
6 288
100 391
77 135
367 489
359 481
71 258
342 402
154 355
49 402
133 357
57 243
224 391
40 136
31 311
95 111
263 451
45 218
190 291
208 325
120 354
19 102
192 471
107 420
240 492
292 324
282 423
103 491
144 224
207 323
54 194
193 415
170 186
