prepare
500
173 379
233 493
150 224
80 301
300 378
303 356
143 333
147 190
289 363
27 47
380 392
26 486
169 293
26 190
115 287
220 261
240 279
115 388
73 306
130 352
394 492
37 73
127 490
231 286
430 468
325 465
47 414
236 352
113 118
71 427
65 166
244 312
14 232
51 242
189 196
199 279
1 65
53 452
50 362
125 301
32 38
255 295
147 487
15 403
28 468
196 226
397 471
182 469
115 427
88 313
103 454
410 462
297 323
334 496
354 458
201 490
110 356
221 224
170 381
38 399
201 418
242 336
120 172
309 318
90 140
185 302
187 275
92 355
299 479
52 184
241 484
453 474
54 101
24 414
157 385
20 252
365 396
78 270
146 495
96 166
252 423
337 466
23 128
147 484
58 66
285 294
278 282
89 216
340 410
275 303
39 341
461 472
185 398
180 357
319 415
373 414
218 488
124 216
316 481
143 357
82 183
113 117
131 393
277 376
197 238
98 487
351 428
278 345
62 405
39 299
197 352
26 359
100 107
305 420
75 296
213 222
50 370
134 442
42 445
458 470
37 357
47 79
22 163
317 395
235 265
80 236
37 399
151 454
213 307
149 290
86 319
254 310
187 376
213 284
320 357
305 379
49 393
270 452
194 395
213 419
57 339
101 422
111 172
185 384
278 432
81 466
323 446
41 258
224 494
74 373
127 227
94 344
371 409
13 438
193 250
65 235
201 422
132 187
260 341
242 338
13 175
165 278
42 303
89 490
243 462
276 426
206 283
4 371
342 353
14 274
83 447
181 275
257 441
121 499
138 328
84 298
68 440
35 440
156 269
37 492
71 414
257 278
115 360
251 459
348 463
45 321
223 425
161 467
126 369
105 309
55 217
266 410
285 427
160 497
224 490
414 469
1 272
72 433
252 417
190 230
21 361
169 397
349 396
268 392
371 421
6 261
138 234
174 373
27 219
268 349
176 468
58 324
78 257
152 459
65 349
290 403
135 450
131 476
252 308
392 414
256 269
215 467
324 407
114 278
403 463
2 89
7 244
236 386
84 293
142 379
346 356
317 344
75 142
19 300
37 337
69 305
153 203
62 390
414 485
121 150
285 377
38 273
16 207
225 382
85 254
168 211
9 36
196 197
229 411
159 300
17 261
99 419
352 366
268 465
403 456
71 398
90 396
395 464
358 427
376 448
158 224
42 429
13 73
235 408
3 341
356 374
96 431
101 139
396 488
63 253
324 392
148 405
285 412
106 337
91 203
250 399
194 202
154 178
37 351
97 207
404 462
73 164
239 458
284 489
85 352
11 236
321 334
381 459
76 322
180 274
85 127
259 500
104 240
337 460
144 389
103 488
331 364
269 305
299 369
318 470
212 275
381 458
56 492
368 448
323 444
191 332
137 276
197 252
234 405
61 476
246 338
198 446
62 109
36 129
183 479
12 26
100 482
115 136
299 312
144 367
116 483
33 254
300 414
215 268
31 114
403 458
201 205
43 316
214 299
324 439
101 208
6 288
3 435
48 253
236 275
211 490
207 271
444 447
336 387
60 205
145 433
187 451
311 336
201 343
247 396
396 413
187 472
45 357
36 39
122 139
22 207
337 437
303 313
249 298
425 440
85 493
304 306
77 251
88 217
23 407
335 390
131 459
30 70
281 360
124 209
22 50
177 483
227 475
171 253
91 438
274 477
73 134
188 406
67 138
68 76
472 500
113 363
143 449
47 261
16 427
68 395
172 207
251 326
399 485
5 140
280 346
136 162
59 217
383 460
166 279
212 385
237 347
147 257
40 403
414 464
1 276
179 328
434 497
46 47
106 184
109 330
146 431
318 481
68 331
402 443
166 327
397 443
117 497
184 350
155 171
195 275
401 485
275 403
3 261
255 373
248 356
28 76
327 424
123 389
92 311
267 433
71 231
8 240
215 242
102 305
270 329
108 115
200 291
60 262
186 212
210 487
222 411
177 275
187 315
172 410
456 482
64 406
192 357
95 405
141 262
18 374
88 436
3 48
275 390
142 204
389 427
57 428
392 491
361 380
222 275
169 341
291 292
300 363
347 422
42 382
96 283
398 455
119 226
112 275
29 184
10 38
135 234
25 214
44 82
64 108
446 485
386 474
28 371
71 93
147 427
196 457
30 93
379 399
314 427
13 319
100 167
291 386
27 34
140 498
217 372
50 480
210 416
222 485
273 400
88 191
121 478
87 305
297 473
133 405
342 485
63 263
154 313
41 127
267 477
228 303
228 264
245 346
184 375
391 465
