prepare
500
16 275
255 428
155 326
351 459
18 29
73 389
187 248
71 427
92 120
282 447
142 205
361 375
313 396
45 464
398 399
193 386
183 311
34 458
74 249
212 463
303 352
280 300
460 488
54 227
116 239
136 383
234 291
140 276
11 259
107 348
29 128
25 124
147 446
308 372
42 462
127 460
37 147
417 442
243 461
177 337
3 62
245 453
37 472
90 184
176 267
50 484
77 144
360 475
46 380
430 496
1 76
115 363
93 189
223 288
97 232
41 252
321 468
53 496
274 390
172 464
96 347
12 188
134 393
38 370
101 467
49 94
6 222
70 315
70 452
33 294
122 204
194 418
265 292
334 478
186 209
127 167
223 270
237 448
58 401
16 250
200 395
276 381
137 500
393 412
111 440
8 9
106 108
163 335
97 196
201 318
227 476
66 378
450 468
241 253
341 498
403 490
63 462
4 362
226 485
286 461
44 302
132 402
339 359
111 438
96 336
80 108
221 296
221 486
340 499
348 416
354 403
210 330
161 445
152 366
139 450
252 336
378 381
105 288
161 206
146 409
185 476
102 118
39 115
271 384
171 252
5 432
259 421
309 360
349 403
166 312
379 467
61 170
121 271
80 117
155 267
124 157
128 230
17 491
289 329
46 48
350 493
148 228
374 475
90 405
98 276
28 172
81 463
197 283
262 429
47 215
192 224
185 370
48 257
240 490
222 485
170 282
175 434
177 341
317 391
30 304
83 148
141 153
9 107
105 454
65 205
253 482
54 134
382 427
264 355
272 309
10 157
82 175
63 190
36 458
355 366
324 341
33 126
136 373
147 470
329 451
371 405
31 409
30 314
132 332
295 333
12 353
96 166
285 305
346 484
386 389
15 376
22 207
49 316
13 85
99 408
438 456
163 293
210 358
203 310
32 110
76 373
388 474
56 162
67 350
284 304
59 298
151 195
340 361
145 195
121 367
71 325
48 431
123 207
13 100
202 246
273 344
103 238
73 324
201 323
365 436
178 229
84 478
219 321
7 266
131 422
295 435
301 500
204 315
215 275
339 452
116 181
291 328
215 387
62 351
436 483
130 394
313 455
297 337
125 419
172 465
94 188
392 485
72 281
326 420
392 414
220 256
133 198
24 43
80 88
106 313
489 494
162 443
275 279
365 492
205 401
88 251
130 433
44 270
218 239
415 421
27 446
122 206
35 164
163 376
408 429
87 298
73 135
336 477
399 467
65 356
52 214
38 93
291 311
211 407
379 404
363 449
158 180
165 381
169 231
245 394
214 447
156 278
8 186
330 368
212 323
26 308
26 384
95 268
62 143
92 359
104 246
180 192
303 390
47 268
3 213
51 114
159 342
261 398
104 495
416 442
198 369
14 39
197 356
220 454
146 233
238 425
55 345
317 435
136 428
103 244
395 464
349 460
261 319
41 426
247 392
357 469
22 69
13 357
149 482
236 487
32 225
314 473
434 437
23 443
24 439
224 343
334 445
207 490
203 430
4 358
18 249
129 219
139 474
254 378
120 400
346 457
40 189
76 479
17 395
2 55
164 333
202 302
126 133
323 466
41 428
196 242
31 218
112 396
102 345
22 363
68 410
74 292
307 342
85 109
16 261
40 385
192 327
111 253
296 419
451 453
396 410
254 278
166 422
47 260
59 152
377 413
1 278
79 380
127 469
285 300
1 481
306 373
110 402
439 471
151 199
89 324
19 159
187 401
2 19
84 256
414 444
168 242
176 310
61 388
169 465
374 415
3 446
277 423
331 349
52 118
106 406
63 144
50 242
91 437
75 140
140 144
11 495
10 181
351 386
237 499
35 412
174 212
7 67
285 379
20 486
332 433
46 191
68 113
225 417
311 423
208 438
138 410
154 399
85 337
137 179
115 320
71 414
108 235
60 456
173 352
51 473
236 352
273 493
424 494
179 284
385 423
21 489
411 484
87 230
263 357
265 369
57 335
233 372
178 391
197 211
364 432
201 380
236 300
441 492
86 303
418 462
224 234
114 344
346 458
229 483
36 422
25 287
125 480
20 375
257 299
72 199
397 465
5 368
90 182
64 389
23 480
150 398
180 418
17 68
222 268
160 234
217 377
262 362
65 338
243 424
97 482
82 425
141 286
91 129
244 301
53 264
50 78
322 356
36 258
228 316
413 441
184 269
88 211
272 448
37 390
83 400
56 287
169 463
21 145
43 294
335 456
217 307
353 420
153 289
184 376
364 471
119 177
216 254
196 497
99 209
187 405
266 367
39 257
290 469
