prepare
500
86 343
262 268
182 427
76 128
104 399
290 495
341 449
403 490
257 370
335 456
13 289
100 109
109 297
201 202
215 275
278 481
24 127
369 396
29 331
303 352
97 196
325 423
194 363
420 465
453 456
166 422
386 389
134 386
169 465
36 139
90 146
172 228
57 86
179 331
353 456
418 493
193 459
17 68
101 241
399 467
349 460
46 471
310 380
36 225
72 351
140 298
350 427
362 459
17 171
180 326
86 475
285 379
50 431
106 313
297 299
154 281
254 278
101 404
86 274
166 183
13 221
149 215
286 300
10 108
88 211
246 351
23 80
470 472
80 108
62 437
148 401
71 402
140 243
12 472
212 266
335 412
315 484
272 274
66 89
177 341
147 199
276 497
16 445
201 323
58 196
136 175
143 203
381 452
48 257
229 395
154 365
62 351
198 351
106 108
20 313
71 414
345 389
177 337
308 387
63 82
212 429
438 456
330 392
90 126
65 425
37 204
19 465
65 492
97 482
270 291
85 258
209 357
124 386
253 400
305 366
140 144
187 401
28 119
239 392
135 354
50 178
161 458
216 242
166 419
18 147
207 490
278 426
324 374
62 318
224 234
349 403
65 205
6 52
5 140
120 250
294 346
356 377
169 478
86 173
78 95
143 459
174 215
290 347
65 356
163 376
280 413
275 358
378 436
196 271
316 414
378 381
135 157
63 83
428 483
106 409
36 422
187 476
341 430
169 218
48 110
187 405
247 444
37 168
115 363
117 119
311 423
90 184
27 470
275 434
22 207
81 127
392 414
89 498
39 257
341 388
15 313
312 349
98 177
150 154
222 268
235 336
84 446
334 427
38 341
245 352
192 329
222 485
418 462
114 484
17 395
6 296
390 491
13 357
62 293
337 384
95 260
191 291
123 387
379 467
253 482
305 461
264 444
196 344
21 390
196 242
93 280
140 200
39 338
111 438
392 485
36 162
346 458
43 323
47 215
172 465
367 427
252 466
252 265
47 448
192 224
331 488
238 490
205 231
371 381
259 303
172 489
71 427
6 95
50 159
50 137
143 213
197 356
273 386
13 132
68 217
92 187
136 373
69 428
46 380
60 351
319 382
47 383
121 247
212 463
242 415
32 50
185 460
130 404
68 410
37 269
224 473
2 405
9 462
46 48
227 234
115 309
261 454
278 385
325 444
154 155
118 401
16 275
422 480
189 323
244 403
351 386
408 498
77 115
197 211
357 441
6 226
89 135
195 460
213 355
236 352
205 240
37 304
100 263
79 101
398 399
248 349
152 373
63 462
324 341
399 500
465 479
37 147
314 376
233 392
119 176
252 360
303 474
393 401
6 283
46 447
173 487
331 440
260 387
307 490
151 390
361 467
16 261
68 125
180 418
160 390
8 378
50 484
94 236
96 336
64 193
214 379
158 484
80 450
119 297
201 380
443 490
321 427
53 136
85 103
378 432
417 464
340 410
80 88
90 405
335 494
4 250
129 180
416 488
282 335
41 428
91 498
254 302
46 61
297 368
105 422
205 401
433 465
254 486
27 267
50 242
339 490
276 381
276 457
252 284
251 263
64 210
439 463
51 89
34 250
236 300
73 133
254 378
164 201
63 144
44 68
13 85
181 376
357 469
14 396
169 463
116 472
320 386
237 253
280 487
141 418
142 460
274 472
206 463
165 285
288 380
324 394
67 428
172 322
255 438
35 275
327 485
76 375
295 323
256 336
313 396
22 363
127 469
184 376
42 193
3 62
16 113
73 324
252 336
102 108
172 464
136 220
138 300
398 435
196 359
455 488
3 446
145 376
212 323
346 484
169 249
73 389
25 278
163 335
122 143
257 451
348 379
64 135
180 192
236 406
187 424
119 498
136 428
89 208
177 333
39 115
27 213
226 247
90 287
306 380
59 260
74 212
49 136
396 410
62 468
55 166
108 372
167 488
41 252
26 135
170 213
250 319
31 346
332 467
395 464
226 499
279 387
156 187
328 464
140 276
147 446
111 253
442 470
292 487
62 232
47 268
219 261
131 484
301 484
40 101
11 167
112 177
261 398
317 395
1 76
70 313
3 391
150 277
1 278
303 390
89 407
36 458
101 154
37 390
188 414
196 223
186 261
234 291
387 477
250 279
285 300
153 446
150 319
135 342
6 421
41 56
127 460
99 337
305 404
54 177
96 166
280 305
7 46
490 496
253 411
190 444
87 136
167 290
106 397
364 458
109 230
85 337
263 290
291 311
76 373
30 50
33 303
75 207
45 257
107 279
