prepare
500
247 444
7 266
42 190
66 216
311 423
166 422
415 421
70 315
340 499
364 471
50 484
217 307
49 316
1 76
163 335
150 154
295 333
73 324
168 497
41 252
273 344
360 475
399 467
335 456
32 225
112 138
248 371
52 214
111 438
103 244
261 398
346 484
23 480
220 454
100 109
215 275
285 379
330 368
201 323
151 195
176 267
176 310
35 412
137 500
12 188
254 278
222 485
102 345
92 359
96 166
47 215
11 259
58 248
307 342
4 358
16 275
236 300
325 444
289 329
125 419
94 188
38 370
173 487
105 288
312 347
470 472
424 494
411 457
202 246
167 488
122 206
15 293
271 384
32 110
326 420
183 328
201 380
331 354
83 148
56 162
69 123
212 323
393 412
51 114
406 455
331 488
146 233
365 436
128 230
130 433
72 281
75 98
351 386
40 189
27 213
45 200
197 211
252 336
97 482
186 209
348 416
33 126
237 499
141 286
416 442
214 447
306 479
65 356
55 345
265 292
35 164
84 478
208 440
238 425
109 297
318 466
156 481
134 393
177 341
92 120
149 241
143 459
6 95
221 486
28 45
89 135
110 402
162 443
395 464
148 228
245 453
374 475
205 401
291 311
280 487
104 246
7 67
161 206
37 390
52 118
182 371
204 315
309 360
152 366
285 300
295 435
436 483
79 191
218 239
53 496
104 495
85 337
187 401
74 249
54 134
10 157
392 485
78 168
280 305
30 304
60 208
79 318
25 287
438 456
21 145
145 195
243 461
102 118
192 224
33 294
219 321
115 363
127 469
4 362
140 276
159 342
155 267
273 493
44 302
2 19
53 264
8 186
172 465
116 181
95 260
139 450
255 426
355 366
19 159
98 165
64 193
378 381
317 391
388 474
220 256
479 481
313 396
23 443
430 496
34 457
236 352
44 270
171 426
15 269
34 258
231 397
237 448
283 322
272 448
29 128
74 292
13 357
131 312
78 411
296 419
263 290
382 385
66 165
70 452
75 77
90 184
113 138
131 258
111 253
69 449
177 337
282 447
235 406
187 405
347 477
160 343
61 170
56 287
250 279
262 429
224 234
158 194
113 491
241 440
266 367
374 415
332 433
180 192
57 293
93 189
62 351
130 394
191 431
301 500
61 388
46 48
122 204
5 432
178 391
125 480
158 327
264 355
283 407
39 115
254 378
2 55
30 314
156 216
25 124
321 468
71 414
272 309
31 409
59 152
180 418
325 423
20 486
303 390
17 68
217 377
314 473
286 461
132 402
364 432
417 442
105 454
42 194
396 410
87 230
413 441
324 341
26 308
365 492
164 333
124 157
143 213
327 343
377 413
119 498
136 373
133 198
227 476
308 372
106 108
132 332
146 409
101 154
303 352
117 251
306 383
99 209
119 297
193 459
221 296
184 376
305 404
346 458
121 367
441 492
171 477
418 462
18 249
260 387
489 494
58 142
22 207
18 29
322 338
183 277
398 399
96 336
255 383
320 449
11 495
22 363
160 328
82 175
59 298
329 451
87 298
12 353
349 460
147 446
36 422
41 428
114 344
3 62
140 144
403 490
334 445
3 446
14 299
223 288
76 373
240 354
123 240
126 133
277 382
47 268
117 235
244 301
175 434
434 437
203 310
5 368
262 362
14 320
167 290
141 153
142 338
149 232
151 199
172 464
101 404
67 350
103 238
179 284
279 387
88 211
155 326
317 435
21 489
49 94
86 274
163 376
250 319
13 85
170 282
274 472
350 493
185 476
63 462
207 490
185 370
100 263
17 395
64 135
36 458
182 269
439 471
225 417
150 319
107 348
251 407
81 174
178 229
174 466
65 205
24 439
86 173
71 427
153 289
54 227
223 270
210 358
116 239
222 268
81 231
202 302
90 405
161 445
233 372
46 380
451 453
82 425
89 498
386 389
31 218
1 278
97 196
48 257
265 369
20 375
43 294
339 452
243 424
210 330
408 429
57 60
73 389
196 242
112 455
136 428
361 375
334 478
232 497
84 256
212 463
10 181
106 313
91 129
72 199
349 403
121 271
299 431
91 437
340 361
200 491
450 468
226 247
228 316
203 430
63 144
50 242
339 359
379 467
51 473
198 369
16 261
276 381
169 465
197 356
127 460
9 107
129 219
99 408
8 9
245 394
38 93
392 414
139 474
27 470
169 463
120 400
80 108
357 469
284 304
37 147
83 400
40 385
234 291
39 257
6 226
28 397
253 482
68 410
80 88
137 179
24 43
353 420
26 384
259 421
77 190
229 483
